0.0 0.0 6.0 
1.0
0.7 0.0 1.0

0.000000 0.025000 6.100000
0.060000
0.900000 0.200000 0.100000

0.000000 0.065000 6.100000
0.060000
0.900000 0.200000 0.100000

0.000000 0.105000 6.100000
0.060000
0.900000 0.200000 0.100000

0.000000 0.145000 6.100000
0.060000
0.900000 0.200000 0.100000

0.000000 0.185000 6.100000
0.060000
0.900000 0.200000 0.100000

0.000000 0.225000 6.100000
0.060000
0.900000 0.200000 0.100000

0.000000 0.265000 6.100000
0.060000
0.900000 0.200000 0.100000

0.000000 0.305000 6.100000
0.060000
0.900000 0.200000 0.100000

0.000000 0.345000 6.100000
0.060000
0.900000 0.200000 0.100000

0.000000 0.385000 6.100000
0.060000
0.900000 0.200000 0.100000

0.000000 0.425000 6.100000
0.060000
0.900000 0.200000 0.100000

0.000000 0.465000 6.100000
0.060000
0.900000 0.200000 0.100000

0.000000 0.505000 6.100000
0.060000
0.900000 0.200000 0.100000

0.000000 0.545000 6.100000
0.060000
0.900000 0.200000 0.100000

0.000000 0.585000 6.100000
0.060000
0.900000 0.200000 0.100000

0.000000 0.625000 6.100000
0.060000
0.900000 0.200000 0.100000

0.000000 0.665000 6.100000
0.060000
0.900000 0.200000 0.100000

0.000000 0.705000 6.100000
0.060000
0.900000 0.200000 0.100000

0.000000 0.745000 6.100000
0.060000
0.900000 0.200000 0.100000

0.000000 0.785000 6.100000
0.060000
0.900000 0.200000 0.100000

0.000000 0.825000 6.100000
0.060000
0.900000 0.200000 0.100000

0.000000 0.865000 6.100000
0.060000
0.900000 0.200000 0.100000

0.000000 0.905000 6.100000
0.060000
0.900000 0.200000 0.100000

0.000000 0.945000 6.100000
0.060000
0.900000 0.200000 0.100000

0.000000 0.985000 6.100000
0.060000
0.900000 0.200000 0.100000

0.000000 1.025000 6.100000
0.060000
0.900000 0.200000 0.100000

0.000000 1.065000 6.100000
0.060000
0.900000 0.200000 0.100000

0.000000 1.105000 6.100000
0.060000
0.900000 0.200000 0.100000

0.000000 1.145000 6.100000
0.060000
0.900000 0.200000 0.100000

0.000000 1.185000 6.100000
0.060000
0.900000 0.200000 0.100000

0.000000 1.225000 6.100000
0.060000
0.900000 0.200000 0.100000

0.000000 1.265000 6.100000
0.060000
0.900000 0.200000 0.100000

0.000000 1.305000 6.100000
0.060000
0.900000 0.200000 0.100000

0.000000 1.345000 6.100000
0.060000
0.900000 0.200000 0.100000

0.000000 1.385000 6.100000
0.060000
0.900000 0.200000 0.100000

0.000000 1.425000 6.100000
0.060000
0.900000 0.200000 0.100000

0.000000 1.465000 6.100000
0.060000
0.900000 0.200000 0.100000

0.000000 1.505000 6.100000
0.060000
0.900000 0.200000 0.100000

0.000000 1.545000 6.100000
0.060000
0.900000 0.200000 0.100000

0.000000 1.585000 6.100000
0.060000
0.900000 0.200000 0.100000

0.000000 1.625000 6.100000
0.060000
0.900000 0.200000 0.100000

0.000000 1.665000 6.100000
0.060000
0.900000 0.200000 0.100000

0.000000 1.705000 6.100000
0.060000
0.900000 0.200000 0.100000

0.000000 1.745000 6.100000
0.060000
0.900000 0.200000 0.100000

0.000000 1.785000 6.100000
0.060000
0.900000 0.200000 0.100000

0.000000 1.825000 6.100000
0.060000
0.900000 0.200000 0.100000

0.000000 1.865000 6.100000
0.060000
0.900000 0.200000 0.100000

0.000000 1.905000 6.100000
0.060000
0.900000 0.200000 0.100000

0.000000 1.945000 6.100000
0.060000
0.900000 0.200000 0.100000

0.000000 1.985000 6.100000
0.060000
0.900000 0.200000 0.100000

0.000000 2.025000 6.100000
0.060000
0.900000 0.200000 0.100000

0.000000 2.065000 6.100000
0.060000
0.900000 0.200000 0.100000

0.000000 2.105000 6.100000
0.060000
0.900000 0.200000 0.100000

0.000000 2.145000 6.100000
0.060000
0.900000 0.200000 0.100000

0.000000 2.185000 6.100000
0.060000
0.900000 0.200000 0.100000

0.000000 2.225000 6.100000
0.060000
0.900000 0.200000 0.100000

0.000000 2.265000 6.100000
0.060000
0.900000 0.200000 0.100000

0.000000 2.305000 6.100000
0.060000
0.900000 0.200000 0.100000

0.000000 2.345000 6.100000
0.060000
0.900000 0.200000 0.100000

0.000000 2.385000 6.100000
0.060000
0.900000 0.200000 0.100000

0.000000 2.425000 6.100000
0.060000
0.900000 0.200000 0.100000

0.000000 2.465000 6.100000
0.060000
0.900000 0.200000 0.100000

0.000000 2.505000 6.100000
0.060000
0.900000 0.200000 0.100000

0.000000 2.545000 6.100000
0.060000
0.900000 0.200000 0.100000

0.000000 2.585000 6.100000
0.060000
0.900000 0.200000 0.100000

0.000000 2.625000 6.100000
0.060000
0.900000 0.200000 0.100000

0.000000 2.665000 6.100000
0.060000
0.900000 0.200000 0.100000

0.000000 2.705000 6.100000
0.060000
0.900000 0.200000 0.100000

0.000000 2.745000 6.100000
0.060000
0.900000 0.200000 0.100000

0.000000 2.785000 6.100000
0.060000
0.900000 0.200000 0.100000

0.000000 2.825000 6.100000
0.060000
0.900000 0.200000 0.100000

0.000000 2.865000 6.100000
0.060000
0.900000 0.200000 0.100000

0.000000 2.905000 6.100000
0.060000
0.900000 0.200000 0.100000

0.000000 2.945000 6.100000
0.060000
0.900000 0.200000 0.100000

0.000000 2.985000 6.100000
0.060000
0.900000 0.200000 0.100000

0.000000 3.025000 6.100000
0.060000
0.900000 0.200000 0.100000

0.0 0.65 5.85 
0.55
0.7 0.0 1.0

0.60 0.70 5.0 
0.5
0.7 0.0 1.0

1.00 1.1 5.055 
0.12
0.7 0.0 1.0

-0.7 0.5 5.5 
0.40
1.0 0.7 0.3

-0.9 0.5 4.5
0.38
1.0 0.7 0.3

-1.3 0.5 4.0
0.28
1.0 0.7 0.3

-1.01 0.33 3.0
0.13
1.0 0.7 0.3

-0.9 0.21 2.80
0.085
1.0 0.7 0.3

-0.900000 0.260000 2.800000
0.030000
0.080000 0.000000 0.800000

-0.900000 0.290000 2.800000
0.030000
0.080000 0.000000 0.800000

-0.900000 0.320000 2.800000
0.030000
0.080000 0.000000 0.800000

-0.900000 0.350000 2.800000
0.030000
0.080000 0.000000 0.800000

-0.900000 0.380000 2.800000
0.030000
0.080000 0.000000 0.800000

-0.900000 0.410000 2.800000
0.030000
0.080000 0.000000 0.800000

-0.900000 0.440000 2.800000
0.030000
0.080000 0.000000 0.800000

-0.900000 0.470000 2.800000
0.030000
0.080000 0.000000 0.800000

-0.900000 0.500000 2.800000
0.030000
0.080000 0.000000 0.800000

-0.900000 0.530000 2.800000
0.030000
0.080000 0.000000 0.800000

-0.900000 0.560000 2.800000
0.030000
0.080000 0.000000 0.800000

-0.900000 0.590000 2.800000
0.030000
0.080000 0.000000 0.800000

-0.900000 0.620000 2.800000
0.030000
0.080000 0.000000 0.800000

-0.900000 0.650000 2.800000
0.030000
0.080000 0.000000 0.800000

-0.900000 0.680000 2.800000
0.030000
0.080000 0.000000 0.800000

-0.900000 0.710000 2.800000
0.030000
0.080000 0.000000 0.800000

-0.900000 0.740000 2.800000
0.030000
0.080000 0.000000 0.800000

-0.900000 0.770000 2.800000
0.030000
0.080000 0.000000 0.800000

-0.900000 0.800000 2.800000
0.030000
0.080000 0.000000 0.800000

-0.900000 0.830000 2.800000
0.030000
0.080000 0.000000 0.800000

-0.900000 0.860000 2.800000
0.030000
0.080000 0.000000 0.800000

-0.900000 0.890000 2.800000
0.030000
0.080000 0.000000 0.800000

-0.900000 0.920000 2.800000
0.030000
0.080000 0.000000 0.800000

-0.900000 0.950000 2.800000
0.030000
0.080000 0.000000 0.800000

-0.900000 0.980000 2.800000
0.030000
0.080000 0.000000 0.800000

-0.900000 1.010000 2.800000
0.030000
0.080000 0.000000 0.800000

-0.900000 1.040000 2.800000
0.030000
0.080000 0.000000 0.800000

-0.900000 1.070000 2.800000
0.030000
0.080000 0.000000 0.800000

-0.900000 1.100000 2.800000
0.030000
0.080000 0.000000 0.800000

-0.900000 1.130000 2.800000
0.030000
0.080000 0.000000 0.800000

-0.900000 1.160000 2.800000
0.030000
0.080000 0.000000 0.800000

-0.900000 1.190000 2.800000
0.030000
0.080000 0.000000 0.800000

-0.900000 1.220000 2.800000
0.030000
0.080000 0.000000 0.800000

-0.900000 1.250000 2.800000
0.030000
0.080000 0.000000 0.800000

-0.900000 1.280000 2.800000
0.030000
0.080000 0.000000 0.800000

-0.900000 1.310000 2.800000
0.030000
0.080000 0.000000 0.800000

-0.900000 1.340000 2.800000
0.030000
0.080000 0.000000 0.800000

-0.900000 1.370000 2.800000
0.030000
0.080000 0.000000 0.800000

-0.900000 1.400000 2.800000
0.030000
0.080000 0.000000 0.800000

-0.900000 1.430000 2.800000
0.030000
0.080000 0.000000 0.800000

-0.900000 1.460000 2.800000
0.030000
0.080000 0.000000 0.800000

-0.900000 1.490000 2.800000
0.030000
0.080000 0.000000 0.800000

-0.900000 1.520000 2.800000
0.030000
0.080000 0.000000 0.800000

-0.900000 1.550000 2.800000
0.030000
0.080000 0.000000 0.800000

-0.900000 1.580000 2.800000
0.030000
0.080000 0.000000 0.800000

-0.900000 1.610000 2.800000
0.030000
0.080000 0.000000 0.800000

-0.900000 1.640000 2.800000
0.030000
0.080000 0.000000 0.800000

-0.900000 1.670000 2.800000
0.030000
0.080000 0.000000 0.800000

-0.900000 1.700000 2.800000
0.030000
0.080000 0.000000 0.800000

-0.900000 1.730000 2.800000
0.030000
0.080000 0.000000 0.800000

-0.900000 1.760000 2.800000
0.030000
0.080000 0.000000 0.800000

-0.900000 1.790000 2.800000
0.030000
0.080000 0.000000 0.800000

-0.900000 1.820000 2.800000
0.030000
0.080000 0.000000 0.800000

-0.900000 1.850000 2.800000
0.030000
0.080000 0.000000 0.800000

-0.900000 1.880000 2.800000
0.030000
0.080000 0.000000 0.800000

-0.900000 1.910000 2.800000
0.030000
0.080000 0.000000 0.800000

-0.900000 1.940000 2.800000
0.030000
0.080000 0.000000 0.800000

-0.900000 1.970000 2.800000
0.030000
0.080000 0.000000 0.800000

-0.900000 2.000000 2.800000
0.030000
0.080000 0.000000 0.800000

-0.900000 2.030000 2.800000
0.030000
0.080000 0.000000 0.800000

-0.900000 2.060000 2.800000
0.030000
0.080000 0.000000 0.800000

-0.900000 2.090000 2.800000
0.030000
0.080000 0.000000 0.800000

-0.900000 2.120000 2.800000
0.030000
0.080000 0.000000 0.800000

-0.900000 2.150000 2.800000
0.030000
0.080000 0.000000 0.800000

-0.900000 2.180000 2.800000
0.030000
0.080000 0.000000 0.800000

-0.900000 2.210000 2.800000
0.030000
0.080000 0.000000 0.800000

-0.900000 2.240000 2.800000
0.030000
0.080000 0.000000 0.800000

-0.900000 2.270000 2.800000
0.030000
0.080000 0.000000 0.800000

-0.900000 2.300000 2.800000
0.030000
0.080000 0.000000 0.800000

-0.900000 2.330000 2.800000
0.030000
0.080000 0.000000 0.800000

-0.900000 2.360000 2.800000
0.030000
0.080000 0.000000 0.800000

-0.900000 2.390000 2.800000
0.030000
0.080000 0.000000 0.800000

-0.900000 2.420000 2.800000
0.030000
0.080000 0.000000 0.800000

-0.900000 2.450000 2.800000
0.030000
0.080000 0.000000 0.800000

-0.900000 2.480000 2.800000
0.030000
0.080000 0.000000 0.800000

-0.900000 2.510000 2.800000
0.030000
0.080000 0.000000 0.800000

-0.900000 2.540000 2.800000
0.030000
0.080000 0.000000 0.800000

-0.900000 2.570000 2.800000
0.030000
0.080000 0.000000 0.800000

-0.900000 2.600000 2.800000
0.030000
0.080000 0.000000 0.800000

-0.900000 2.630000 2.800000
0.030000
0.080000 0.000000 0.800000

-0.900000 2.660000 2.800000
0.030000
0.080000 0.000000 0.800000

-0.900000 2.690000 2.800000
0.030000
0.080000 0.000000 0.800000

-0.900000 2.720000 2.800000
0.030000
0.080000 0.000000 0.800000

-0.900000 2.750000 2.800000
0.030000
0.080000 0.000000 0.800000

-0.900000 2.780000 2.800000
0.030000
0.080000 0.000000 0.800000

-0.900000 2.810000 2.800000
0.030000
0.080000 0.000000 0.800000

-0.900000 2.840000 2.800000
0.030000
0.080000 0.000000 0.800000

-0.900000 2.870000 2.800000
0.030000
0.080000 0.000000 0.800000

-0.900000 2.900000 2.800000
0.030000
0.080000 0.000000 0.800000

-0.900000 2.930000 2.800000
0.030000
0.080000 0.000000 0.800000

-0.900000 2.960000 2.800000
0.030000
0.080000 0.000000 0.800000

-0.900000 2.990000 2.800000
0.030000
0.080000 0.000000 0.800000

-0.900000 3.020000 2.800000
0.030000
0.080000 0.000000 0.800000

0.6 -0.2 6.0 
0.5 
1.0 0.7 0.3

1.20 -0.55 5.5 
0.36
1.0 0.7 0.3

1.78 -0.85 5.65
0.27
1.0 0.7 0.3

2.2 -0.72 5.70
0.2
1.0 0.7 0.3

2.45 -0.78 5.70
0.1
1.0 0.7 0.3

2.450000 -0.780000 5.700000
0.035000
0.080000 0.000000 0.800000

2.450000 -0.740000 5.700000
0.035000
0.080000 0.000000 0.800000

2.450000 -0.700000 5.700000
0.035000
0.080000 0.000000 0.800000

2.450000 -0.660000 5.700000
0.035000
0.080000 0.000000 0.800000

2.450000 -0.620000 5.700000
0.035000
0.080000 0.000000 0.800000

2.450000 -0.580000 5.700000
0.035000
0.080000 0.000000 0.800000

2.450000 -0.540000 5.700000
0.035000
0.080000 0.000000 0.800000

2.450000 -0.500000 5.700000
0.035000
0.080000 0.000000 0.800000

2.450000 -0.460000 5.700000
0.035000
0.080000 0.000000 0.800000

2.450000 -0.420000 5.700000
0.035000
0.080000 0.000000 0.800000

2.450000 -0.380000 5.700000
0.035000
0.080000 0.000000 0.800000

2.450000 -0.340000 5.700000
0.035000
0.080000 0.000000 0.800000

2.450000 -0.300000 5.700000
0.035000
0.080000 0.000000 0.800000

2.450000 -0.260000 5.700000
0.035000
0.080000 0.000000 0.800000

2.450000 -0.220000 5.700000
0.035000
0.080000 0.000000 0.800000

2.450000 -0.180000 5.700000
0.035000
0.080000 0.000000 0.800000

2.450000 -0.140000 5.700000
0.035000
0.080000 0.000000 0.800000

2.450000 -0.100000 5.700000
0.035000
0.080000 0.000000 0.800000

2.450000 -0.060000 5.700000
0.035000
0.080000 0.000000 0.800000

2.450000 -0.020000 5.700000
0.035000
0.080000 0.000000 0.800000

2.450000 0.020000 5.700000
0.035000
0.080000 0.000000 0.800000

2.450000 0.060000 5.700000
0.035000
0.080000 0.000000 0.800000

2.450000 0.100000 5.700000
0.035000
0.080000 0.000000 0.800000

2.450000 0.140000 5.700000
0.035000
0.080000 0.000000 0.800000

2.450000 0.180000 5.700000
0.035000
0.080000 0.000000 0.800000

2.450000 0.220000 5.700000
0.035000
0.080000 0.000000 0.800000

2.450000 0.260000 5.700000
0.035000
0.080000 0.000000 0.800000

2.450000 0.300000 5.700000
0.035000
0.080000 0.000000 0.800000

2.450000 0.340000 5.700000
0.035000
0.080000 0.000000 0.800000

2.450000 0.380000 5.700000
0.035000
0.080000 0.000000 0.800000

2.450000 0.420000 5.700000
0.035000
0.080000 0.000000 0.800000

2.450000 0.460000 5.700000
0.035000
0.080000 0.000000 0.800000

2.450000 0.500000 5.700000
0.035000
0.080000 0.000000 0.800000

2.450000 0.540000 5.700000
0.035000
0.080000 0.000000 0.800000

2.450000 0.580000 5.700000
0.035000
0.080000 0.000000 0.800000

2.450000 0.620000 5.700000
0.035000
0.080000 0.000000 0.800000

2.450000 0.660000 5.700000
0.035000
0.080000 0.000000 0.800000

2.450000 0.700000 5.700000
0.035000
0.080000 0.000000 0.800000

2.450000 0.740000 5.700000
0.035000
0.080000 0.000000 0.800000

2.450000 0.780000 5.700000
0.035000
0.080000 0.000000 0.800000

2.450000 0.820000 5.700000
0.035000
0.080000 0.000000 0.800000

2.450000 0.860000 5.700000
0.035000
0.080000 0.000000 0.800000

2.450000 0.900000 5.700000
0.035000
0.080000 0.000000 0.800000

2.450000 0.940000 5.700000
0.035000
0.080000 0.000000 0.800000

2.450000 0.980000 5.700000
0.035000
0.080000 0.000000 0.800000

2.450000 1.020000 5.700000
0.035000
0.080000 0.000000 0.800000

2.450000 1.060000 5.700000
0.035000
0.080000 0.000000 0.800000

2.450000 1.100000 5.700000
0.035000
0.080000 0.000000 0.800000

2.450000 1.140000 5.700000
0.035000
0.080000 0.000000 0.800000

2.450000 1.180000 5.700000
0.035000
0.080000 0.000000 0.800000

2.450000 1.220000 5.700000
0.035000
0.080000 0.000000 0.800000

2.450000 1.260000 5.700000
0.035000
0.080000 0.000000 0.800000

2.450000 1.300000 5.700000
0.035000
0.080000 0.000000 0.800000

2.450000 1.340000 5.700000
0.035000
0.080000 0.000000 0.800000

2.450000 1.380000 5.700000
0.035000
0.080000 0.000000 0.800000

2.450000 1.420000 5.700000
0.035000
0.080000 0.000000 0.800000

2.450000 1.460000 5.700000
0.035000
0.080000 0.000000 0.800000

2.450000 1.500000 5.700000
0.035000
0.080000 0.000000 0.800000

2.450000 1.540000 5.700000
0.035000
0.080000 0.000000 0.800000

2.450000 1.580000 5.700000
0.035000
0.080000 0.000000 0.800000

2.450000 1.620000 5.700000
0.035000
0.080000 0.000000 0.800000

2.450000 1.660000 5.700000
0.035000
0.080000 0.000000 0.800000

2.450000 1.700000 5.700000
0.035000
0.080000 0.000000 0.800000

2.450000 1.740000 5.700000
0.035000
0.080000 0.000000 0.800000

2.450000 1.780000 5.700000
0.035000
0.080000 0.000000 0.800000

2.450000 1.820000 5.700000
0.035000
0.080000 0.000000 0.800000

2.450000 1.860000 5.700000
0.035000
0.080000 0.000000 0.800000

2.450000 1.900000 5.700000
0.035000
0.080000 0.000000 0.800000

2.450000 1.940000 5.700000
0.035000
0.080000 0.000000 0.800000

2.450000 1.980000 5.700000
0.035000
0.080000 0.000000 0.800000

2.450000 2.020000 5.700000
0.035000
0.080000 0.000000 0.800000

2.450000 2.060000 5.700000
0.035000
0.080000 0.000000 0.800000

2.450000 2.100000 5.700000
0.035000
0.080000 0.000000 0.800000

2.450000 2.140000 5.700000
0.035000
0.080000 0.000000 0.800000

2.450000 2.180000 5.700000
0.035000
0.080000 0.000000 0.800000

2.450000 2.220000 5.700000
0.035000
0.080000 0.000000 0.800000

2.450000 2.260000 5.700000
0.035000
0.080000 0.000000 0.800000

2.450000 2.300000 5.700000
0.035000
0.080000 0.000000 0.800000

2.450000 2.340000 5.700000
0.035000
0.080000 0.000000 0.800000

2.450000 2.380000 5.700000
0.035000
0.080000 0.000000 0.800000

2.450000 2.420000 5.700000
0.035000
0.080000 0.000000 0.800000

2.450000 2.460000 5.700000
0.035000
0.080000 0.000000 0.800000

2.450000 2.500000 5.700000
0.035000
0.080000 0.000000 0.800000

2.450000 2.540000 5.700000
0.035000
0.080000 0.000000 0.800000

2.450000 2.580000 5.700000
0.035000
0.080000 0.000000 0.800000

2.450000 2.620000 5.700000
0.035000
0.080000 0.000000 0.800000

2.450000 2.660000 5.700000
0.035000
0.080000 0.000000 0.800000

2.450000 2.700000 5.700000
0.035000
0.080000 0.000000 0.800000

2.450000 2.740000 5.700000
0.035000
0.080000 0.000000 0.800000

2.450000 2.780000 5.700000
0.035000
0.080000 0.000000 0.800000

2.450000 2.820000 5.700000
0.035000
0.080000 0.000000 0.800000

2.450000 2.860000 5.700000
0.035000
0.080000 0.000000 0.800000

2.450000 2.900000 5.700000
0.035000
0.080000 0.000000 0.800000

2.450000 2.940000 5.700000
0.035000
0.080000 0.000000 0.800000

2.450000 2.980000 5.700000
0.035000
0.080000 0.000000 0.800000

2.450000 3.020000 5.700000
0.035000
0.080000 0.000000 0.800000

-0.55 -1.2 5.7
.57
1.0 0.7 0.3

-.73 -1.49 5.1
.36
1.0 0.7 0.3

-.95 -1.60 4.3
.22
1.0 0.7 0.3

-1.09 -1.65 3.8
.12
1.0 0.7 0.3

-1.100000 -1.400000 3.815000
0.025000
0.080000 0.000000 0.800000

-1.100000 -1.360000 3.815000
0.025000
0.080000 0.000000 0.800000

-1.100000 -1.320000 3.815000
0.025000
0.080000 0.000000 0.800000

-1.100000 -1.280000 3.815000
0.025000
0.080000 0.000000 0.800000

-1.100000 -1.240000 3.815000
0.025000
0.080000 0.000000 0.800000

-1.100000 -1.200000 3.815000
0.025000
0.080000 0.000000 0.800000

-1.100000 -1.160000 3.815000
0.025000
0.080000 0.000000 0.800000

-1.100000 -1.120000 3.815000
0.025000
0.080000 0.000000 0.800000

-1.100000 -1.080000 3.815000
0.025000
0.080000 0.000000 0.800000

-1.100000 -1.040000 3.815000
0.025000
0.080000 0.000000 0.800000

-1.100000 -1.000000 3.815000
0.025000
0.080000 0.000000 0.800000

-1.100000 -0.960000 3.815000
0.025000
0.080000 0.000000 0.800000

-1.100000 -0.920000 3.815000
0.025000
0.080000 0.000000 0.800000

-1.100000 -0.880000 3.815000
0.025000
0.080000 0.000000 0.800000

-1.100000 -0.840000 3.815000
0.025000
0.080000 0.000000 0.800000

-1.100000 -0.800000 3.815000
0.025000
0.080000 0.000000 0.800000

-1.100000 -0.760000 3.815000
0.025000
0.080000 0.000000 0.800000

-1.100000 -0.720000 3.815000
0.025000
0.080000 0.000000 0.800000

-1.100000 -0.680000 3.815000
0.025000
0.080000 0.000000 0.800000

-1.100000 -0.640000 3.815000
0.025000
0.080000 0.000000 0.800000

-1.100000 -0.600000 3.815000
0.025000
0.080000 0.000000 0.800000

-1.100000 -0.560000 3.815000
0.025000
0.080000 0.000000 0.800000

-1.100000 -0.520000 3.815000
0.025000
0.080000 0.000000 0.800000

-1.100000 -0.480000 3.815000
0.025000
0.080000 0.000000 0.800000

-1.100000 -0.440000 3.815000
0.025000
0.080000 0.000000 0.800000

-1.100000 -0.400000 3.815000
0.025000
0.080000 0.000000 0.800000

-1.100000 -0.360000 3.815000
0.025000
0.080000 0.000000 0.800000

-1.100000 -0.320000 3.815000
0.025000
0.080000 0.000000 0.800000

-1.100000 -0.280000 3.815000
0.025000
0.080000 0.000000 0.800000

-1.100000 -0.240000 3.815000
0.025000
0.080000 0.000000 0.800000

-1.100000 -0.200000 3.815000
0.025000
0.080000 0.000000 0.800000

-1.100000 -0.160000 3.815000
0.025000
0.080000 0.000000 0.800000

-1.100000 -0.120000 3.815000
0.025000
0.080000 0.000000 0.800000

-1.100000 -0.080000 3.815000
0.025000
0.080000 0.000000 0.800000

-1.100000 -0.040000 3.815000
0.025000
0.080000 0.000000 0.800000

-1.100000 0.000000 3.815000
0.025000
0.080000 0.000000 0.800000

-1.100000 0.040000 3.815000
0.025000
0.080000 0.000000 0.800000

-1.100000 0.080000 3.815000
0.025000
0.080000 0.000000 0.800000

-1.100000 0.120000 3.815000
0.025000
0.080000 0.000000 0.800000

-1.100000 0.160000 3.815000
0.025000
0.080000 0.000000 0.800000

-1.100000 0.200000 3.815000
0.025000
0.080000 0.000000 0.800000

-1.100000 0.240000 3.815000
0.025000
0.080000 0.000000 0.800000

-1.100000 0.280000 3.815000
0.025000
0.080000 0.000000 0.800000

-1.100000 0.320000 3.815000
0.025000
0.080000 0.000000 0.800000

-1.100000 0.360000 3.815000
0.025000
0.080000 0.000000 0.800000

-1.100000 0.400000 3.815000
0.025000
0.080000 0.000000 0.800000

-1.100000 0.440000 3.815000
0.025000
0.080000 0.000000 0.800000

-1.100000 0.480000 3.815000
0.025000
0.080000 0.000000 0.800000

-1.100000 0.520000 3.815000
0.025000
0.080000 0.000000 0.800000

-1.100000 0.560000 3.815000
0.025000
0.080000 0.000000 0.800000

-1.100000 0.600000 3.815000
0.025000
0.080000 0.000000 0.800000

-1.100000 0.640000 3.815000
0.025000
0.080000 0.000000 0.800000

-1.100000 0.680000 3.815000
0.025000
0.080000 0.000000 0.800000

-1.100000 0.720000 3.815000
0.025000
0.080000 0.000000 0.800000

-1.100000 0.760000 3.815000
0.025000
0.080000 0.000000 0.800000

-1.100000 0.800000 3.815000
0.025000
0.080000 0.000000 0.800000

-1.100000 0.840000 3.815000
0.025000
0.080000 0.000000 0.800000

-1.100000 0.880000 3.815000
0.025000
0.080000 0.000000 0.800000

-1.100000 0.920000 3.815000
0.025000
0.080000 0.000000 0.800000

-1.100000 0.960000 3.815000
0.025000
0.080000 0.000000 0.800000

-1.100000 1.000000 3.815000
0.025000
0.080000 0.000000 0.800000

-1.100000 1.040000 3.815000
0.025000
0.080000 0.000000 0.800000

-1.100000 1.080000 3.815000
0.025000
0.080000 0.000000 0.800000

-1.100000 1.120000 3.815000
0.025000
0.080000 0.000000 0.800000

-1.100000 1.160000 3.815000
0.025000
0.080000 0.000000 0.800000

-1.100000 1.200000 3.815000
0.025000
0.080000 0.000000 0.800000

-1.100000 1.240000 3.815000
0.025000
0.080000 0.000000 0.800000

-1.100000 1.280000 3.815000
0.025000
0.080000 0.000000 0.800000

-1.100000 1.320000 3.815000
0.025000
0.080000 0.000000 0.800000

-1.100000 1.360000 3.815000
0.025000
0.080000 0.000000 0.800000

-1.100000 1.400000 3.815000
0.025000
0.080000 0.000000 0.800000

-1.100000 1.440000 3.815000
0.025000
0.080000 0.000000 0.800000

-1.100000 1.480000 3.815000
0.025000
0.080000 0.000000 0.800000

-1.100000 1.520000 3.815000
0.025000
0.080000 0.000000 0.800000

-1.100000 1.560000 3.815000
0.025000
0.080000 0.000000 0.800000

-1.100000 1.600000 3.815000
0.025000
0.080000 0.000000 0.800000

-1.100000 1.640000 3.815000
0.025000
0.080000 0.000000 0.800000

-1.100000 1.680000 3.815000
0.025000
0.080000 0.000000 0.800000

-1.100000 1.720000 3.815000
0.025000
0.080000 0.000000 0.800000

-1.100000 1.760000 3.815000
0.025000
0.080000 0.000000 0.800000

-1.100000 1.800000 3.815000
0.025000
0.080000 0.000000 0.800000

-1.100000 1.840000 3.815000
0.025000
0.080000 0.000000 0.800000

-1.100000 1.880000 3.815000
0.025000
0.080000 0.000000 0.800000

-1.100000 1.920000 3.815000
0.025000
0.080000 0.000000 0.800000

-1.100000 1.960000 3.815000
0.025000
0.080000 0.000000 0.800000

-1.100000 2.000000 3.815000
0.025000
0.080000 0.000000 0.800000

-1.100000 2.040000 3.815000
0.025000
0.080000 0.000000 0.800000

-1.100000 2.080000 3.815000
0.025000
0.080000 0.000000 0.800000

-1.100000 2.120000 3.815000
0.025000
0.080000 0.000000 0.800000

-1.100000 2.160000 3.815000
0.025000
0.080000 0.000000 0.800000

-1.100000 2.200000 3.815000
0.025000
0.080000 0.000000 0.800000

-1.100000 2.240000 3.815000
0.025000
0.080000 0.000000 0.800000

-1.100000 2.280000 3.815000
0.025000
0.080000 0.000000 0.800000

-1.100000 2.320000 3.815000
0.025000
0.080000 0.000000 0.800000

-1.100000 2.360000 3.815000
0.025000
0.080000 0.000000 0.800000

-1.100000 2.400000 3.815000
0.025000
0.080000 0.000000 0.800000

-1.100000 2.440000 3.815000
0.025000
0.080000 0.000000 0.800000

-1.100000 2.480000 3.815000
0.025000
0.080000 0.000000 0.800000

-1.100000 2.520000 3.815000
0.025000
0.080000 0.000000 0.800000

-1.100000 2.560000 3.815000
0.025000
0.080000 0.000000 0.800000

-1.100000 2.600000 3.815000
0.025000
0.080000 0.000000 0.800000

-1.100000 2.640000 3.815000
0.025000
0.080000 0.000000 0.800000

-1.100000 2.680000 3.815000
0.025000
0.080000 0.000000 0.800000

-1.100000 2.720000 3.815000
0.025000
0.080000 0.000000 0.800000

-1.100000 2.760000 3.815000
0.025000
0.080000 0.000000 0.800000

-1.100000 2.800000 3.815000
0.025000
0.080000 0.000000 0.800000

-1.100000 2.840000 3.815000
0.025000
0.080000 0.000000 0.800000

-1.100000 2.880000 3.815000
0.025000
0.080000 0.000000 0.800000

-1.100000 2.920000 3.815000
0.025000
0.080000 0.000000 0.800000

-1.100000 2.960000 3.815000
0.025000
0.080000 0.000000 0.800000

-1.100000 3.000000 3.815000
0.025000
0.080000 0.000000 0.800000

.25 -1.43 6.1
.45
1.0 0.7 0.3

.45 -2.05 5.9
.28
1.0 0.7 0.3

.6 -2.45 5.8
.15
1.0 0.7 0.3

0.600000 -2.450000 6.010000
0.035000
0.080000 0.000000 0.800000

0.600000 -2.410000 6.010000
0.035000
0.080000 0.000000 0.800000

0.600000 -2.370000 6.010000
0.035000
0.080000 0.000000 0.800000

0.600000 -2.330000 6.010000
0.035000
0.080000 0.000000 0.800000

0.600000 -2.290000 6.010000
0.035000
0.080000 0.000000 0.800000

0.600000 -2.250000 6.010000
0.035000
0.080000 0.000000 0.800000

0.600000 -2.210000 6.010000
0.035000
0.080000 0.000000 0.800000

0.600000 -2.170000 6.010000
0.035000
0.080000 0.000000 0.800000

0.600000 -2.130000 6.010000
0.035000
0.080000 0.000000 0.800000

0.600000 -2.090000 6.010000
0.035000
0.080000 0.000000 0.800000

0.600000 -2.050000 6.010000
0.035000
0.080000 0.000000 0.800000

0.600000 -2.010000 6.010000
0.035000
0.080000 0.000000 0.800000

0.600000 -1.970000 6.010000
0.035000
0.080000 0.000000 0.800000

0.600000 -1.930000 6.010000
0.035000
0.080000 0.000000 0.800000

0.600000 -1.890000 6.010000
0.035000
0.080000 0.000000 0.800000

0.600000 -1.850000 6.010000
0.035000
0.080000 0.000000 0.800000

0.600000 -1.810000 6.010000
0.035000
0.080000 0.000000 0.800000

0.600000 -1.770000 6.010000
0.035000
0.080000 0.000000 0.800000

0.600000 -1.730000 6.010000
0.035000
0.080000 0.000000 0.800000

0.600000 -1.690000 6.010000
0.035000
0.080000 0.000000 0.800000

0.600000 -1.650000 6.010000
0.035000
0.080000 0.000000 0.800000

0.600000 -1.610000 6.010000
0.035000
0.080000 0.000000 0.800000

0.600000 -1.570000 6.010000
0.035000
0.080000 0.000000 0.800000

0.600000 -1.530000 6.010000
0.035000
0.080000 0.000000 0.800000

0.600000 -1.490000 6.010000
0.035000
0.080000 0.000000 0.800000

0.600000 -1.450000 6.010000
0.035000
0.080000 0.000000 0.800000

0.600000 -1.410000 6.010000
0.035000
0.080000 0.000000 0.800000

0.600000 -1.370000 6.010000
0.035000
0.080000 0.000000 0.800000

0.600000 -1.330000 6.010000
0.035000
0.080000 0.000000 0.800000

0.600000 -1.290000 6.010000
0.035000
0.080000 0.000000 0.800000

0.600000 -1.250000 6.010000
0.035000
0.080000 0.000000 0.800000

0.600000 -1.210000 6.010000
0.035000
0.080000 0.000000 0.800000

0.600000 -1.170000 6.010000
0.035000
0.080000 0.000000 0.800000

0.600000 -1.130000 6.010000
0.035000
0.080000 0.000000 0.800000

0.600000 -1.090000 6.010000
0.035000
0.080000 0.000000 0.800000

0.600000 -1.050000 6.010000
0.035000
0.080000 0.000000 0.800000

0.600000 -1.010000 6.010000
0.035000
0.080000 0.000000 0.800000

0.600000 -0.970000 6.010000
0.035000
0.080000 0.000000 0.800000

0.600000 -0.930000 6.010000
0.035000
0.080000 0.000000 0.800000

0.600000 -0.890000 6.010000
0.035000
0.080000 0.000000 0.800000

0.600000 -0.850000 6.010000
0.035000
0.080000 0.000000 0.800000

0.600000 -0.810000 6.010000
0.035000
0.080000 0.000000 0.800000

0.600000 -0.770000 6.010000
0.035000
0.080000 0.000000 0.800000

0.600000 -0.730000 6.010000
0.035000
0.080000 0.000000 0.800000

0.600000 -0.690000 6.010000
0.035000
0.080000 0.000000 0.800000

0.600000 -0.650000 6.010000
0.035000
0.080000 0.000000 0.800000

0.600000 -0.610000 6.010000
0.035000
0.080000 0.000000 0.800000

0.600000 -0.570000 6.010000
0.035000
0.080000 0.000000 0.800000

0.600000 -0.530000 6.010000
0.035000
0.080000 0.000000 0.800000

0.600000 -0.490000 6.010000
0.035000
0.080000 0.000000 0.800000

0.600000 -0.450000 6.010000
0.035000
0.080000 0.000000 0.800000

0.600000 -0.410000 6.010000
0.035000
0.080000 0.000000 0.800000

0.600000 -0.370000 6.010000
0.035000
0.080000 0.000000 0.800000

0.600000 -0.330000 6.010000
0.035000
0.080000 0.000000 0.800000

0.600000 -0.290000 6.010000
0.035000
0.080000 0.000000 0.800000

0.600000 -0.250000 6.010000
0.035000
0.080000 0.000000 0.800000

0.600000 -0.210000 6.010000
0.035000
0.080000 0.000000 0.800000

0.600000 -0.170000 6.010000
0.035000
0.080000 0.000000 0.800000

0.600000 -0.130000 6.010000
0.035000
0.080000 0.000000 0.800000

0.600000 -0.090000 6.010000
0.035000
0.080000 0.000000 0.800000

0.600000 -0.050000 6.010000
0.035000
0.080000 0.000000 0.800000

0.600000 -0.010000 6.010000
0.035000
0.080000 0.000000 0.800000

0.600000 0.030000 6.010000
0.035000
0.080000 0.000000 0.800000

0.600000 0.070000 6.010000
0.035000
0.080000 0.000000 0.800000

0.600000 0.110000 6.010000
0.035000
0.080000 0.000000 0.800000

0.600000 0.150000 6.010000
0.035000
0.080000 0.000000 0.800000

0.600000 0.190000 6.010000
0.035000
0.080000 0.000000 0.800000

0.600000 0.230000 6.010000
0.035000
0.080000 0.000000 0.800000

0.600000 0.270000 6.010000
0.035000
0.080000 0.000000 0.800000

0.600000 0.310000 6.010000
0.035000
0.080000 0.000000 0.800000

0.600000 0.350000 6.010000
0.035000
0.080000 0.000000 0.800000

0.600000 0.390000 6.010000
0.035000
0.080000 0.000000 0.800000

0.600000 0.430000 6.010000
0.035000
0.080000 0.000000 0.800000

0.600000 0.470000 6.010000
0.035000
0.080000 0.000000 0.800000

0.600000 0.510000 6.010000
0.035000
0.080000 0.000000 0.800000

0.600000 0.550000 6.010000
0.035000
0.080000 0.000000 0.800000

0.600000 0.590000 6.010000
0.035000
0.080000 0.000000 0.800000

0.600000 0.630000 6.010000
0.035000
0.080000 0.000000 0.800000

0.600000 0.670000 6.010000
0.035000
0.080000 0.000000 0.800000

0.600000 0.710000 6.010000
0.035000
0.080000 0.000000 0.800000

0.600000 0.750000 6.010000
0.035000
0.080000 0.000000 0.800000

0.600000 0.790000 6.010000
0.035000
0.080000 0.000000 0.800000

0.600000 0.830000 6.010000
0.035000
0.080000 0.000000 0.800000

0.600000 0.870000 6.010000
0.035000
0.080000 0.000000 0.800000

0.600000 0.910000 6.010000
0.035000
0.080000 0.000000 0.800000

0.600000 0.950000 6.010000
0.035000
0.080000 0.000000 0.800000

0.600000 0.990000 6.010000
0.035000
0.080000 0.000000 0.800000

0.600000 1.030000 6.010000
0.035000
0.080000 0.000000 0.800000

0.600000 1.070000 6.010000
0.035000
0.080000 0.000000 0.800000

0.600000 1.110000 6.010000
0.035000
0.080000 0.000000 0.800000

0.600000 1.150000 6.010000
0.035000
0.080000 0.000000 0.800000

0.600000 1.190000 6.010000
0.035000
0.080000 0.000000 0.800000

0.600000 1.230000 6.010000
0.035000
0.080000 0.000000 0.800000

0.600000 1.270000 6.010000
0.035000
0.080000 0.000000 0.800000

0.600000 1.310000 6.010000
0.035000
0.080000 0.000000 0.800000

0.600000 1.350000 6.010000
0.035000
0.080000 0.000000 0.800000

0.600000 1.390000 6.010000
0.035000
0.080000 0.000000 0.800000

0.600000 1.430000 6.010000
0.035000
0.080000 0.000000 0.800000

0.600000 1.470000 6.010000
0.035000
0.080000 0.000000 0.800000

0.600000 1.510000 6.010000
0.035000
0.080000 0.000000 0.800000

0.600000 1.550000 6.010000
0.035000
0.080000 0.000000 0.800000

0.600000 1.590000 6.010000
0.035000
0.080000 0.000000 0.800000

0.600000 1.630000 6.010000
0.035000
0.080000 0.000000 0.800000

0.600000 1.670000 6.010000
0.035000
0.080000 0.000000 0.800000

0.600000 1.710000 6.010000
0.035000
0.080000 0.000000 0.800000

0.600000 1.750000 6.010000
0.035000
0.080000 0.000000 0.800000

0.600000 1.790000 6.010000
0.035000
0.080000 0.000000 0.800000

0.600000 1.830000 6.010000
0.035000
0.080000 0.000000 0.800000

0.600000 1.870000 6.010000
0.035000
0.080000 0.000000 0.800000

0.600000 1.910000 6.010000
0.035000
0.080000 0.000000 0.800000

0.600000 1.950000 6.010000
0.035000
0.080000 0.000000 0.800000

0.600000 1.990000 6.010000
0.035000
0.080000 0.000000 0.800000

0.600000 2.030000 6.010000
0.035000
0.080000 0.000000 0.800000

0.600000 2.070000 6.010000
0.035000
0.080000 0.000000 0.800000

0.600000 2.110000 6.010000
0.035000
0.080000 0.000000 0.800000

0.600000 2.150000 6.010000
0.035000
0.080000 0.000000 0.800000

0.600000 2.190000 6.010000
0.035000
0.080000 0.000000 0.800000

0.600000 2.230000 6.010000
0.035000
0.080000 0.000000 0.800000

0.600000 2.270000 6.010000
0.035000
0.080000 0.000000 0.800000

0.600000 2.310000 6.010000
0.035000
0.080000 0.000000 0.800000

0.600000 2.350000 6.010000
0.035000
0.080000 0.000000 0.800000

0.600000 2.390000 6.010000
0.035000
0.080000 0.000000 0.800000

0.600000 2.430000 6.010000
0.035000
0.080000 0.000000 0.800000

0.600000 2.470000 6.010000
0.035000
0.080000 0.000000 0.800000

0.600000 2.510000 6.010000
0.035000
0.080000 0.000000 0.800000

0.600000 2.550000 6.010000
0.035000
0.080000 0.000000 0.800000

0.600000 2.590000 6.010000
0.035000
0.080000 0.000000 0.800000

0.600000 2.630000 6.010000
0.035000
0.080000 0.000000 0.800000

0.600000 2.670000 6.010000
0.035000
0.080000 0.000000 0.800000

0.600000 2.710000 6.010000
0.035000
0.080000 0.000000 0.800000

0.600000 2.750000 6.010000
0.035000
0.080000 0.000000 0.800000

0.600000 2.790000 6.010000
0.035000
0.080000 0.000000 0.800000

0.600000 2.830000 6.010000
0.035000
0.080000 0.000000 0.800000

0.600000 2.870000 6.010000
0.035000
0.080000 0.000000 0.800000

0.600000 2.910000 6.010000
0.035000
0.080000 0.000000 0.800000

0.600000 2.950000 6.010000
0.035000
0.080000 0.000000 0.800000

0.600000 2.990000 6.010000
0.035000
0.080000 0.000000 0.800000

0.600000 3.030000 6.010000
0.035000
0.080000 0.000000 0.800000

-1.20 -1.55 5.6
.23
1.0 0.7 0.3

-1.6 -1.45 5.7
.23
1.0 0.7 0.3

-1.9 -1.18 5.8
.19
1.0 0.7 0.3

-2.14 -.91 5.9
.15
1.0 0.7 0.3

-2.36 -.73 5.9
.15
1.0 0.7 0.3

-2.6 -.78 5.95
.13
1.0 0.7 0.3

-2.95 -1.0 6.2
.10
1.0 0.7 0.3

-3.0 -1.1 6.0
.10
1.0 0.7 0.3

-2.986 -1.5 6.05
.4111
0.1 0.1 0.1

-2.9 -1.45 6.0
.32
0.3 0.7 0.8

-2.850000 -1.100000 5.900000
0.060000
0.100000 0.000000 0.800000

-2.850000 -1.020000 5.900000
0.060000
0.100000 0.000000 0.800000

-2.850000 -0.940000 5.900000
0.060000
0.100000 0.000000 0.800000

-2.850000 -0.860000 5.900000
0.060000
0.100000 0.000000 0.800000

-2.850000 -0.780000 5.900000
0.060000
0.100000 0.000000 0.800000

-2.850000 -0.700000 5.900000
0.060000
0.100000 0.000000 0.800000

-2.850000 -0.620000 5.900000
0.060000
0.100000 0.000000 0.800000

-2.850000 -0.540000 5.900000
0.060000
0.100000 0.000000 0.800000

-2.850000 -0.460000 5.900000
0.060000
0.100000 0.000000 0.800000

-2.850000 -0.380000 5.900000
0.060000
0.100000 0.000000 0.800000

-2.850000 -0.300000 5.900000
0.060000
0.100000 0.000000 0.800000

-2.850000 -0.220000 5.900000
0.060000
0.100000 0.000000 0.800000

-2.850000 -0.140000 5.900000
0.060000
0.100000 0.000000 0.800000

-2.850000 -0.060000 5.900000
0.060000
0.100000 0.000000 0.800000

-2.850000 0.020000 5.900000
0.060000
0.100000 0.000000 0.800000

-2.850000 0.100000 5.900000
0.060000
0.100000 0.000000 0.800000

-2.850000 0.180000 5.900000
0.060000
0.100000 0.000000 0.800000

-2.850000 0.260000 5.900000
0.060000
0.100000 0.000000 0.800000

-2.850000 0.340000 5.900000
0.060000
0.100000 0.000000 0.800000

-2.850000 0.420000 5.900000
0.060000
0.100000 0.000000 0.800000

-2.850000 0.500000 5.900000
0.060000
0.100000 0.000000 0.800000

-2.850000 0.580000 5.900000
0.060000
0.100000 0.000000 0.800000

-2.850000 0.660000 5.900000
0.060000
0.100000 0.000000 0.800000

-2.850000 0.740000 5.900000
0.060000
0.100000 0.000000 0.800000

-2.850000 0.820000 5.900000
0.060000
0.100000 0.000000 0.800000

-2.850000 0.900000 5.900000
0.060000
0.100000 0.000000 0.800000

-2.850000 0.980000 5.900000
0.060000
0.100000 0.000000 0.800000

-2.850000 1.060000 5.900000
0.060000
0.100000 0.000000 0.800000

-2.850000 1.140000 5.900000
0.060000
0.100000 0.000000 0.800000

-2.850000 1.220000 5.900000
0.060000
0.100000 0.000000 0.800000

-2.850000 1.300000 5.900000
0.060000
0.100000 0.000000 0.800000

-2.850000 1.380000 5.900000
0.060000
0.100000 0.000000 0.800000

-2.850000 1.460000 5.900000
0.060000
0.100000 0.000000 0.800000

-2.850000 1.540000 5.900000
0.060000
0.100000 0.000000 0.800000

-2.850000 1.620000 5.900000
0.060000
0.100000 0.000000 0.800000

-2.850000 1.700000 5.900000
0.060000
0.100000 0.000000 0.800000

-2.850000 1.780000 5.900000
0.060000
0.100000 0.000000 0.800000

-2.850000 1.860000 5.900000
0.060000
0.100000 0.000000 0.800000

-2.850000 1.940000 5.900000
0.060000
0.100000 0.000000 0.800000

-2.850000 2.020000 5.900000
0.060000
0.100000 0.000000 0.800000

-2.850000 2.100000 5.900000
0.060000
0.100000 0.000000 0.800000

-2.850000 2.180000 5.900000
0.060000
0.100000 0.000000 0.800000

-2.850000 2.260000 5.900000
0.060000
0.100000 0.000000 0.800000

-2.850000 2.340000 5.900000
0.060000
0.100000 0.000000 0.800000

-2.850000 2.420000 5.900000
0.060000
0.100000 0.000000 0.800000

-2.850000 2.500000 5.900000
0.060000
0.100000 0.000000 0.800000

-2.850000 2.580000 5.900000
0.060000
0.100000 0.000000 0.800000

-2.850000 2.660000 5.900000
0.060000
0.100000 0.000000 0.800000

-2.850000 2.740000 5.900000
0.060000
0.100000 0.000000 0.800000

-2.850000 2.820000 5.900000
0.060000
0.100000 0.000000 0.800000

-2.850000 2.900000 5.900000
0.060000
0.100000 0.000000 0.800000

-2.850000 2.980000 5.900000
0.060000
0.100000 0.000000 0.800000

-2.850000 3.060000 5.900000
0.060000
0.100000 0.000000 0.800000